5 56 26802 20450 1055 2 2 0 2223 6 25674 15748 23988 0 1
0.0 0.00016530 26802.0 0.0 1055.0 2.93055555 0.0 0.0 2223.0 6.175 0.0 0.0 23988.7305556 0 1
4 40 1092 1000 75 3 4 0 115 5 83456 50647 81419 0 1
5 50 3096 3250 96 5 6 0 203 4 35465 12496 30564 1 1
2 46 143 134 75 1 2 0 121 1 1231 1050 1146 0 0
1 46 7844 7324 797 3 21 1 864 2 63211 57894 58943 0 1
3 48 2341 2034 5 5 0 0 100 1 15685 13465 14028 0 0
5 54 4069 4150 4 4 15 0 56 1 56748 47821 49572 0 1
7 68 483 500 301 3 0 0 97 2 26755 16745 21857 1 1
6 36 5094 5300 97 5 0 0 68 6 21365 9608 16619 0 1 
6 64 1589 1456 94 1 0 456 3 14567 12496 13245 0 1
5 57 3906 3850 196 6 0 0 302 2 32303 23123 30564 0 0
1 54 5364 993 253 3 0  34 203 4 56453 37675 46503 0 0
3 64 5948 5746 250 0 0 0 153 2 47434 32496 40575 0 0
3 45 4302 4310 123 2 0 0 321 4 12321 10302 11285 0 1
8 68 2987 3100 100 2 7 0 124 1 5432 4325 5004 1 1
